of
in
creating
to
and
managing
for
investigating
over
across
on
beyond
at
